100130	manual_scaffold_3b	88.034	117	12	2	151	265	1085127154	1085127038	1.77e-29	137	TRUE
100403	manual_scaffold_12	92.143	140	11	0	151	290	487578644	487578783	7.99e-48	198	TRUE
1009	manual_scaffold_6	94.245	139	7	1	1	139	1398899912	1398900049	1.03e-51	211	TRUE
101007	manual_scaffold_3a	87.943	141	15	2	151	290	44941634	44941773	8.1e-38	165	TRUE
101031	manual_scaffold_1b	86.429	140	17	2	152	291	237217913	237218050	6.33e-34	152	TRUE
101047	manual_scaffold_2a	88.321	137	12	2	4	140	1185943528	1185943396	1.05e-36	161	TRUE
101116	manual_scaffold_6	83.974	156	20	4	159	311	625345289	625345136	1.18e-31	145	TRUE
101363	manual_scaffold_5	85.106	141	20	1	1	141	491885231	491885370	3.81e-31	143	TRUE
101468	manual_scaffold_11	83.803	142	19	4	151	290	835574585	835574724	8.22e-28	132	TRUE
101475	manual_scaffold_5	88.321	137	14	1	4	140	206107151	206107285	2.93e-37	163	TRUE
101482	manual_scaffold_7	96.35	137	4	1	151	287	117461031	117461166	1.32e-55	224	TRUE
101707	manual_scaffold_9	87.597	129	15	1	1	128	329531023	329530895	8.16e-33	148	TRUE
10179	manual_scaffold_9	87.179	117	12	3	164	279	803535851	803535965	2.97e-27	130	TRUE
101985	manual_scaffold_4b	92.143	140	8	2	151	289	450458413	450458276	1.03e-46	195	TRUE
102847	manual_scaffold_4b	92.143	140	11	0	151	290	1040952970	1040952831	7.99e-48	198	TRUE
103230	manual_scaffold_7	83.803	142	18	4	153	290	1033194781	1033194921	2.96e-27	130	TRUE
103859	manual_scaffold_9	88.722	133	15	0	2	134	1007647757	1007647889	2.92e-37	163	TRUE
104294	manual_scaffold_11	96.429	140	5	0	151	290	716287189	716287050	7.88e-58	231	TRUE
104544	manual_scaffold_4b	84.672	137	20	1	154	290	811582818	811582953	6.35e-29	135	TRUE
104570	manual_scaffold_2b	86.992	123	15	1	17	139	459835296	459835417	1.77e-29	137	TRUE
104629	manual_scaffold_8	83.942	137	22	0	154	290	174162365	174162229	8.22e-28	132	TRUE
105867	manual_scaffold_4a	86.232	138	19	0	1	138	633906534	633906397	2.27e-33	150	TRUE
105869	manual_scaffold_1a	90	140	14	0	1	140	1141756623	1141756762	8.05e-43	182	TRUE
106166	manual_scaffold_6	85.821	134	18	1	8	140	446029857	446029990	1.37e-30	141	TRUE
1077	manual_scaffold_6	86.614	127	17	0	151	277	1565903825	1565903951	1.37e-30	141	TRUE
107788	manual_scaffold_12	85	140	18	3	1	138	622975598	622975460	4.91e-30	139	TRUE
108195	manual_scaffold_1b	91.667	120	9	1	234	352	515383514	515383633	1.03e-37	165	TRUE
1083	manual_scaffold_2a	82.822	163	24	4	158	319	1403619274	1403619433	4.22e-31	143	TRUE
110108	manual_scaffold_8	89.209	139	15	0	151	289	22277196	22277334	1.35e-40	174	TRUE
110635	manual_scaffold_11	87.023	131	16	1	4	133	427574999	427574869	2.94e-32	147	TRUE
110646	manual_scaffold_2a	89.437	142	10	5	151	290	850526541	850526403	1.35e-40	174	TRUE
110826	manual_scaffold_4a	79.401	267	51	4	9	273	730487067	730486803	1.72e-49	204	TRUE
111279	manual_scaffold_6	86.131	137	17	1	1	137	704683956	704683822	2.94e-32	147	TRUE
111327	manual_scaffold_8	92.308	91	6	1	205	294	97148416	97148326	1.08e-26	128	TRUE
112050	manual_scaffold_2b	85.156	128	18	1	153	280	169525859	169525733	2.96e-27	130	TRUE
11208	manual_scaffold_2b	88.618	123	14	0	159	281	735957484	735957606	2.27e-33	150	TRUE
112767	manual_scaffold_8	85.612	139	20	0	152	290	191983232	191983094	2.94e-32	147	TRUE
112772	manual_scaffold_11	89.051	137	15	0	4	140	940960933	940960797	1.75e-39	171	TRUE
113698	manual_scaffold_12	86.957	138	17	1	151	287	544131015	544131152	1.75e-34	154	TRUE
11403	manual_scaffold_10	95.556	135	6	0	1	135	131140174	131140308	2.09e-53	217	TRUE
114421	manual_scaffold_3a	85.612	139	18	2	2	139	899584482	899584619	1.06e-31	145	TRUE
114508	manual_scaffold_4b	90.714	140	13	0	151	290	196739744	196739883	1.73e-44	187	TRUE
115019	manual_scaffold_3a	85.106	141	17	3	151	290	360696037	360695900	1.37e-30	141	TRUE
115416	manual_scaffold_11	93.382	136	9	0	5	140	184153749	184153884	6.18e-49	202	TRUE
11558	manual_scaffold_1a	88.148	135	15	1	158	291	372073739	372073873	3.79e-36	159	TRUE
115663	manual_scaffold_6	87.77	139	17	0	151	289	206042175	206042313	2.92e-37	163	TRUE
115699	manual_scaffold_7	95	140	7	0	1	140	971856223	971856084	1.71e-54	220	TRUE
116296	manual_scaffold_5	89.147	129	9	5	151	274	1404771182	1404771054	4.88e-35	156	TRUE
116393	manual_scaffold_5	95.652	138	4	2	152	289	1554868268	1554868403	1.71e-54	220	TRUE
116470	manual_scaffold_10	90.226	133	12	1	3	134	1046196892	1046197024	4.84e-40	172	TRUE
116533	manual_scaffold_3b	86.957	138	18	0	161	298	1157002431	1157002294	5.03e-35	156	TRUE
116751	manual_scaffold_4b	91.406	128	11	0	1	128	730368268	730368395	3.74e-41	176	TRUE
117193	manual_scaffold_4b	86.131	137	16	3	151	286	117944756	117944622	1.06e-31	145	TRUE
1172	manual_scaffold_7	85	140	16	4	151	287	1034294531	1034294668	1.77e-29	137	TRUE
117373	manual_scaffold_3b	89.474	114	8	4	1	111	166790683	166790795	1.37e-30	141	TRUE
117788	manual_scaffold_3b	90.196	102	9	1	11	112	836363809	836363709	8.22e-28	132	TRUE
117829	manual_scaffold_9	87.143	140	17	1	1	139	485013794	485013933	1.36e-35	158	TRUE
119529	manual_scaffold_5	84.173	139	22	0	151	289	1789715256	1789715394	6.35e-29	135	TRUE
119863	manual_scaffold_6	90.244	123	12	0	168	290	525064618	525064740	1.05e-36	161	TRUE
120918	manual_scaffold_5	83.824	136	20	1	155	288	1744387073	1744386938	1.06e-26	128	TRUE
120975	manual_scaffold_6	85.385	130	19	0	1	130	1263651951	1263652080	6.35e-29	135	TRUE
1211	manual_scaffold_2a	85.714	140	20	0	151	290	875952265	875952404	8.16e-33	148	TRUE
121387	manual_scaffold_7	85.075	134	20	0	7	140	982963295	982963428	1.77e-29	137	TRUE
121517	manual_scaffold_7	84.397	141	20	2	151	290	1128991183	1128991044	1.77e-29	137	TRUE
121991	manual_scaffold_2a	94.286	140	8	0	151	290	752888301	752888440	7.93e-53	215	TRUE
122234	manual_scaffold_1a	86.364	132	17	1	160	290	902800169	902800300	3.8e-31	143	TRUE
122425	manual_scaffold_1a	78.246	285	52	6	7	282	13794366	13794083	3.72e-46	193	TRUE
122599	manual_scaffold_2b	87.597	129	16	0	151	279	628521927	628522055	2.27e-33	150	TRUE
122773	manual_scaffold_7	85.085	295	34	4	4	288	651780978	651780684	9.84e-82	311	TRUE
122835	manual_scaffold_8	86.765	136	18	0	3	138	1400485772	1400485637	6.31e-34	152	TRUE
122881	manual_scaffold_8	84.328	134	19	2	158	290	116525689	116525557	2.96e-27	130	TRUE
123393	manual_scaffold_2a	86.014	143	17	2	151	290	1361053173	1361053315	2.27e-33	150	TRUE
124327	manual_scaffold_5	87.963	108	12	1	1	107	642298128	642298235	3.82e-26	126	TRUE
124393	manual_scaffold_6	87.218	133	12	2	155	287	1066579428	1066579555	2.94e-32	147	TRUE
125109	manual_scaffold_3b	94.203	138	8	0	3	140	932608048	932607911	1.03e-51	211	TRUE
125180	manual_scaffold_6	92.308	104	7	1	37	139	793873678	793873575	2.94e-32	147	TRUE
125196	manual_scaffold_8	87.402	127	16	0	164	290	1320389500	1320389374	2.94e-32	147	TRUE
125219	manual_scaffold_1b	83.942	137	17	3	1	133	401405615	401405750	3.82e-26	126	TRUE
125311	manual_scaffold_4b	94.068	118	7	0	23	140	198565545	198565662	2.89e-42	180	TRUE
125327	manual_scaffold_9	87.692	130	14	2	151	280	187253588	187253715	2.27e-33	150	TRUE
125859	manual_scaffold_11	93.204	103	7	0	188	290	1020617200	1020617098	6.31e-34	152	TRUE
126659	manual_scaffold_8	87.77	139	16	1	152	290	1317050182	1317050319	1.05e-36	161	TRUE
126763	manual_scaffold_5	86.441	118	15	1	154	271	460835325	460835441	1.07e-26	128	TRUE
127415	manual_scaffold_1a	90.511	137	13	0	153	289	111339374	111339510	8.05e-43	182	TRUE
127604	manual_scaffold_12	89.362	141	12	3	3	140	212020571	212020431	1.35e-40	174	TRUE
127979	manual_scaffold_6	80.201	298	47	10	1	288	954283810	954283515	7.88e-58	231	TRUE
127995	manual_scaffold_4a	89.928	139	14	0	2	140	308722171	308722033	3.02e-42	180	TRUE
128283	manual_scaffold_1a	91.852	135	9	2	157	290	789049082	789049215	1.73e-44	187	TRUE
128552	manual_scaffold_8	88.028	142	13	3	151	289	1437838004	1437837864	8.1e-38	165	TRUE
1287	manual_scaffold_3a	85.714	126	17	1	151	276	601976064	601976188	8.22e-28	132	TRUE
129060	manual_scaffold_1a	84.892	139	20	1	2	140	412819364	412819501	4.91e-30	139	TRUE
129593	manual_scaffold_2b	90.244	123	10	2	19	140	280372573	280372452	3.77e-36	159	TRUE
129917	manual_scaffold_2a	83.333	144	20	2	151	290	295060122	295059979	2.96e-27	130	TRUE
129922	manual_scaffold_4a	87.77	139	10	5	3	140	665958594	665958462	4.88e-35	156	TRUE
129984	manual_scaffold_10	92.857	140	10	0	1	140	181860396	181860535	1.72e-49	204	TRUE
130479	manual_scaffold_2a	79.239	289	56	4	1	288	687453300	687453585	7.93e-53	215	TRUE
130654	manual_scaffold_6	88.722	133	13	2	1	132	253912986	253912855	1.05e-36	161	TRUE
131020	manual_scaffold_11	77.181	298	49	10	4	288	64169764	64169473	1.35e-40	174	TRUE
131055	manual_scaffold_2a	85	140	17	3	1	136	1128471784	1128471923	4.91e-30	139	TRUE
131770	manual_scaffold_6	91.753	97	7	1	1	97	1047247717	1047247812	2.29e-28	134	TRUE
131782	manual_scaffold_2b	84.722	144	17	5	151	291	558027901	558027760	4.93e-30	139	TRUE
131915	manual_scaffold_2b	92.806	139	10	0	151	289	257235405	257235543	6.18e-49	202	TRUE
132147	manual_scaffold_9	85.075	134	19	1	8	140	892276878	892276745	6.35e-29	135	TRUE
134020	manual_scaffold_3b	84.286	140	20	2	2	140	983272963	983273101	6.35e-29	135	TRUE
134080	manual_scaffold_3b	83.571	140	23	0	1	140	662866676	662866815	8.22e-28	132	TRUE
135111	manual_scaffold_6	85.075	134	20	0	151	284	900365387	900365520	1.77e-29	137	TRUE
135208	manual_scaffold_1a	96.454	141	4	1	151	290	554583691	554583551	7.88e-58	231	TRUE
135579	manual_scaffold_10	96.429	140	3	2	1	140	110460591	110460454	2.83e-57	230	TRUE
136787	manual_scaffold_11	91.429	140	11	1	1	140	973197705	973197567	1.34e-45	191	TRUE
137231	manual_scaffold_6	96.377	138	4	1	151	287	300618100	300618237	3.67e-56	226	TRUE
137332	manual_scaffold_4a	91.241	137	11	1	1	136	420552950	420552814	6.22e-44	185	TRUE
138307	manual_scaffold_11	84.286	140	21	1	151	290	716720378	716720240	6.35e-29	135	TRUE
138977	manual_scaffold_3a	93.525	139	9	0	2	140	650267993	650267855	1.33e-50	207	TRUE
139222	manual_scaffold_5	90.226	133	13	0	3	135	1688437912	1688438044	1.35e-40	174	TRUE
139448	manual_scaffold_7	84.444	135	21	0	1	135	1474550587	1474550721	2.29e-28	134	TRUE
141224	manual_scaffold_1b	86.614	127	12	3	153	279	865951966	865952087	6.35e-29	135	TRUE
141275	manual_scaffold_7	85.294	136	13	4	153	288	9158257	9158129	2.29e-28	134	TRUE
141754	manual_scaffold_2a	93.333	135	9	0	6	140	71988145	71988011	2.22e-48	200	TRUE
142842	manual_scaffold_1a	93.571	140	5	3	3	140	499900805	499900942	4.78e-50	206	TRUE
142924	manual_scaffold_3b	92.908	141	9	1	1	140	547975292	547975432	1.78e-49	204	TRUE
143421	manual_scaffold_1a	85.6	125	17	1	16	140	488415537	488415414	2.96e-27	130	TRUE
143731	manual_scaffold_1b	84.892	139	21	0	1	139	551180904	551181042	1.37e-30	141	TRUE
143854	manual_scaffold_6	87.143	140	17	1	1	140	914398581	914398719	1.36e-35	158	TRUE
144063	manual_scaffold_3b	84.091	132	20	1	1	131	962680829	962680960	3.82e-26	126	TRUE
144514	manual_scaffold_7	91.852	135	11	0	151	285	697414254	697414120	4.81e-45	189	TRUE
144587	manual_scaffold_11	85.484	124	15	3	163	283	665589629	665589752	3.82e-26	126	TRUE
145584	manual_scaffold_1b	90	140	12	2	2	140	701543105	701543243	2.89e-42	180	TRUE
146997	manual_scaffold_4b	85.821	134	13	4	151	284	881871712	881871839	1.77e-29	137	TRUE
147312	manual_scaffold_5	85.714	140	18	2	151	289	1674791421	1674791283	2.94e-32	147	TRUE
147706	manual_scaffold_2a	88.571	140	16	0	151	290	223602068	223602207	1.74e-39	171	TRUE
147980	manual_scaffold_12	89.062	128	14	0	13	140	646102221	646102094	3.77e-36	159	TRUE
148626	manual_scaffold_6	94.118	136	8	0	1	136	612312126	612311991	1.34e-50	207	TRUE
150096	manual_scaffold_9	91.111	135	9	2	6	140	228126691	228126560	2.89e-42	180	TRUE
150677	manual_scaffold_9	83.333	138	21	2	1	137	877238363	877238499	3.82e-26	126	TRUE
151280	manual_scaffold_6	83.688	141	17	3	151	290	235865320	235865455	1.06e-26	128	TRUE
151412	manual_scaffold_7	91.339	127	9	2	1	125	1128049520	1128049394	4.84e-40	172	TRUE
151772	manual_scaffold_11	85.821	134	18	1	155	287	378400067	378400200	1.37e-30	141	TRUE
151879	manual_scaffold_12	85.938	128	18	0	10	137	666046676	666046549	1.77e-29	137	TRUE
153736	manual_scaffold_4b	92.793	111	7	1	30	140	905430656	905430765	3.77e-36	159	TRUE
153931	manual_scaffold_6	85.211	142	18	3	151	289	699868304	699868163	3.8e-31	143	TRUE
154019	manual_scaffold_8	92.248	129	10	0	153	281	25893373	25893501	2.24e-43	183	TRUE
155163	manual_scaffold_7	85.95	121	16	1	151	271	1318277301	1318277182	1.06e-26	128	TRUE
155279	manual_scaffold_10	88.462	130	15	0	161	290	252981675	252981546	1.36e-35	158	TRUE
155372	manual_scaffold_9	83.803	142	20	1	138	276	768276767	768276626	7.78e-28	132	TRUE
156025	manual_scaffold_7	84.397	141	18	3	1	140	1542064292	1542064429	6.35e-29	135	TRUE
156552	manual_scaffold_12	92.806	139	10	0	151	289	99633371	99633233	6.18e-49	202	TRUE
157136	manual_scaffold_10	87.05	139	17	1	1	138	148189930	148189792	4.88e-35	156	TRUE
157290	manual_scaffold_8	89.744	117	12	0	171	287	508074921	508074805	2.27e-33	150	TRUE
157369	manual_scaffold_4a	76.868	281	55	9	9	282	346394177	346393900	6.27e-39	169	TRUE
157378	manual_scaffold_1b	85.714	133	17	1	10	140	750229786	750229918	4.91e-30	139	TRUE
159227	manual_scaffold_10	88.571	140	15	1	151	290	395112223	395112361	6.27e-39	169	TRUE
159318	manual_scaffold_3b	86.62	142	16	3	1	140	468396733	468396593	1.75e-34	154	TRUE
159444	manual_scaffold_10	85.484	124	17	1	1	123	810823233	810823110	1.06e-26	128	TRUE
160075	manual_scaffold_2a	92.254	142	8	2	1	140	277997059	277997199	7.99e-48	198	TRUE
160098	manual_scaffold_3a	86.154	130	16	2	4	132	462710653	462710525	4.91e-30	139	TRUE
160591	manual_scaffold_4b	88.722	133	15	0	3	135	940987606	940987474	2.92e-37	163	TRUE
16073	manual_scaffold_6	81.081	296	44	9	1	285	954283810	954283516	1.01e-61	244	TRUE
160730	manual_scaffold_5	85.714	126	18	0	15	140	1348820239	1348820114	2.29e-28	134	TRUE
160982	manual_scaffold_12	92.857	140	10	0	1	140	476807602	476807741	1.72e-49	204	TRUE
161662	manual_scaffold_1b	83.448	145	17	5	153	290	442898223	442898367	1.06e-26	128	TRUE
163442	manual_scaffold_7	82.877	146	19	3	151	290	802540748	802540603	3.82e-26	126	TRUE
163699	manual_scaffold_8	87.903	124	15	0	17	140	1056012628	1056012505	2.94e-32	147	TRUE
163723	manual_scaffold_9	79.447	253	44	4	32	283	346129114	346128869	2.24e-43	183	TRUE
163847	manual_scaffold_3a	76.046	263	58	5	10	270	801103309	801103050	8.16e-33	148	TRUE
164454	manual_scaffold_11	86.441	118	16	0	23	140	82088188	82088305	2.96e-27	130	TRUE
164704	manual_scaffold_3a	86.232	138	18	1	3	139	315132586	315132723	8.32e-33	148	TRUE
165124	manual_scaffold_10	91.538	130	10	1	5	134	892232000	892232128	1.04e-41	178	TRUE
165510	manual_scaffold_7	82.712	295	41	5	4	288	651780978	651780684	4.64e-70	272	TRUE
166598	manual_scaffold_3b	84.211	133	18	1	151	280	326093834	326093966	3.82e-26	126	TRUE
167641	manual_scaffold_8	92.143	140	10	1	1	140	522343738	522343600	2.9e-47	196	TRUE
167694	manual_scaffold_7	93.939	99	6	0	42	140	224790588	224790490	2.28e-33	150	TRUE
167776	manual_scaffold_6	93.571	140	9	0	1	140	468764597	468764736	3.69e-51	209	TRUE
168234	manual_scaffold_4b	93.571	140	9	0	151	290	37918187	37918326	3.69e-51	209	TRUE
168700	manual_scaffold_1b	88.571	140	16	0	1	140	325902061	325901922	1.74e-39	171	TRUE
169447	manual_scaffold_8	87.603	121	14	1	1	120	928947353	928947233	4.91e-30	139	TRUE
170169	manual_scaffold_4a	85.612	139	18	1	152	288	202061940	202061802	1.06e-31	145	TRUE
170436	manual_scaffold_4a	85.156	128	19	0	4	131	21336477	21336604	8.22e-28	132	TRUE
170742	manual_scaffold_7	87.05	139	17	1	152	290	1363571700	1363571563	4.88e-35	156	TRUE
1708	manual_scaffold_10	94	100	5	1	2	100	59356835	59356736	2.27e-33	150	TRUE
171413	manual_scaffold_6	84.892	139	21	0	1	139	1643299286	1643299424	1.37e-30	141	TRUE
172242	manual_scaffold_3a	84.559	136	21	0	155	290	236997479	236997614	6.35e-29	135	TRUE
173258	manual_scaffold_6	88.406	138	16	0	153	290	1606197702	1606197565	2.25e-38	167	TRUE
175020	manual_scaffold_5	96.429	140	5	0	1	140	618125464	618125325	7.88e-58	231	TRUE
175087	manual_scaffold_11	87.162	148	11	4	151	290	954000666	954000519	1.05e-36	161	TRUE
175153	manual_scaffold_4a	82.857	175	28	1	69	241	555027645	555027819	1.35e-40	174	TRUE
175206	manual_scaffold_4a	89.855	138	14	0	153	290	238190650	238190513	1.04e-41	178	TRUE
175479	manual_scaffold_9	86.765	136	12	2	152	287	52432164	52432035	2.94e-32	147	TRUE
175553	manual_scaffold_3b	90.37	135	10	3	6	140	982179339	982179208	1.35e-40	174	TRUE
175865	manual_scaffold_1a	87.324	142	16	1	1	140	332440724	332440865	1.05e-36	161	TRUE
176004	manual_scaffold_9	84.559	136	21	0	155	290	1173542823	1173542688	6.35e-29	135	TRUE
176679	manual_scaffold_10	83.824	136	18	3	151	284	303685707	303685840	3.82e-26	126	TRUE
177380	manual_scaffold_11	93.13	131	9	0	6	136	908607337	908607207	3.72e-46	193	TRUE
177588	manual_scaffold_1a	97.826	138	3	0	153	290	504080897	504081034	4.71e-60	239	TRUE
177868	manual_scaffold_4a	84.444	135	21	0	1	135	741363597	741363463	2.29e-28	134	TRUE
177935	manual_scaffold_8	83.117	154	25	1	157	309	866758183	866758030	5.27e-30	139	TRUE
178093	manual_scaffold_7	83.571	140	17	2	1	134	458234090	458234229	3.82e-26	126	TRUE
178297	manual_scaffold_4b	84.921	126	19	0	162	287	1043309013	1043308888	1.06e-26	128	TRUE
179026	manual_scaffold_1b	86.047	129	14	4	3	129	633408387	633408261	6.35e-29	135	TRUE
179679	manual_scaffold_2b	88.571	140	16	0	1	140	703829815	703829954	1.74e-39	171	TRUE
179801	manual_scaffold_8	87.591	137	17	0	1	137	1502329245	1502329381	3.77e-36	159	TRUE
179953	manual_scaffold_1a	83.688	141	22	1	151	290	197643645	197643785	8.22e-28	132	TRUE
179954	manual_scaffold_3a	87.5	120	15	0	21	140	67745968	67746087	4.91e-30	139	TRUE
1812	manual_scaffold_5	94.286	140	8	0	151	290	1591517838	1591517699	7.93e-53	215	TRUE
181758	manual_scaffold_6	87.218	133	17	0	8	140	688229959	688230091	6.31e-34	152	TRUE
181988	manual_scaffold_10	85.211	142	19	2	151	290	530365544	530365403	1.06e-31	145	TRUE
182882	manual_scaffold_2a	85.714	140	18	2	151	290	1500623796	1500623933	2.94e-32	147	TRUE
183101	manual_scaffold_8	91.971	137	11	0	3	139	1302942940	1302943076	3.72e-46	193	TRUE
184150	manual_scaffold_7	96.479	142	0	2	151	292	1134970085	1134970221	2.86e-57	230	TRUE
1847	manual_scaffold_10	83.571	140	19	2	5	144	948024712	948024847	1.08e-26	128	TRUE
185082	manual_scaffold_2a	85.211	142	19	2	151	290	64811912	64812053	1.06e-31	145	TRUE
185275	manual_scaffold_3b	84.397	141	21	1	2	142	856184163	856184024	1.78e-29	137	TRUE
186466	manual_scaffold_7	87.407	135	17	0	6	140	1304839073	1304838939	4.88e-35	156	TRUE
186746	manual_scaffold_8	86.029	136	19	0	1	136	607075707	607075842	2.94e-32	147	TRUE
187000	manual_scaffold_2a	86.466	133	18	0	156	288	1003783643	1003783775	2.94e-32	147	TRUE
188254	manual_scaffold_11	93.571	140	8	1	151	290	730613086	730613224	1.33e-50	207	TRUE
188256	manual_scaffold_3b	93.525	139	9	0	2	140	409820837	409820699	1.33e-50	207	TRUE
188528	manual_scaffold_6	88.732	142	13	3	152	290	1713932494	1713932635	1.74e-39	171	TRUE
188916	manual_scaffold_9	82.979	141	22	2	151	290	34911191	34911330	3.84e-26	126	TRUE
188952	manual_scaffold_4b	86.047	129	15	3	159	285	1173177186	1173177059	6.35e-29	135	TRUE
189237	manual_scaffold_9	84.058	138	21	1	153	290	747866109	747866245	8.22e-28	132	TRUE
189660	manual_scaffold_7	94.828	116	6	0	1	116	171018039	171018154	8.05e-43	182	TRUE
190345	manual_scaffold_5	88.806	134	14	1	5	138	231440170	231440038	2.92e-37	163	TRUE
190364	manual_scaffold_4b	90.78	141	8	4	151	290	941430593	941430729	2.24e-43	183	TRUE
19040	manual_scaffold_12	86.131	137	16	2	151	286	631142894	631143028	1.06e-31	145	TRUE
190544	manual_scaffold_6	89.051	137	15	0	4	140	555410715	555410579	1.74e-39	171	TRUE
190750	manual_scaffold_6	84.173	139	20	2	152	290	1623999866	1624000002	2.29e-28	134	TRUE
192693	manual_scaffold_2b	85.507	138	17	3	152	287	584592641	584592777	1.37e-30	141	TRUE
192830	manual_scaffold_4a	87.218	133	17	0	6	138	353369822	353369954	6.31e-34	152	TRUE
193308	manual_scaffold_8	86.232	138	19	0	3	140	714914448	714914311	2.27e-33	150	TRUE
194167	manual_scaffold_3b	83.333	144	21	2	1	141	439673187	439673330	2.79e-27	130	TRUE
194518	manual_scaffold_4b	80.287	279	44	4	1	278	1051463430	1051463698	1.33e-50	207	TRUE
198532	manual_scaffold_4b	84.328	134	20	1	151	284	569729081	569729213	2.96e-27	130	TRUE
1990	manual_scaffold_4a	93.571	140	8	1	151	290	500708716	500708854	1.33e-50	207	TRUE
2	manual_scaffold_4a	93.478	138	9	0	153	290	481854378	481854515	4.78e-50	206	TRUE
201937	manual_scaffold_7	84.397	141	15	5	5	139	1466871832	1466871693	8.22e-28	132	TRUE
207176	manual_scaffold_8	84.286	140	21	1	2	140	648508633	648508494	6.38e-29	135	TRUE
210281	manual_scaffold_3a	87.121	132	15	2	2	131	278601999	278602130	8.16e-33	148	TRUE
210325	manual_scaffold_11	84.892	139	17	3	151	287	427976333	427976469	1.77e-29	137	TRUE
210967	manual_scaffold_3b	92.143	140	10	1	1	140	698995551	698995413	2.87e-47	196	TRUE
211335	manual_scaffold_3b	88.696	115	13	0	20	134	298632929	298633043	1.37e-30	141	TRUE
211458	manual_scaffold_4b	88.073	109	13	0	181	289	1040903547	1040903439	2.96e-27	130	TRUE
211813	manual_scaffold_5	86.861	137	18	0	1	137	868592111	868592247	1.75e-34	154	TRUE
212178	manual_scaffold_8	84.173	139	17	3	151	285	97993518	97993655	2.96e-27	130	TRUE
212300	manual_scaffold_4a	89.381	113	6	2	180	290	409591781	409591673	1.77e-29	137	TRUE
213221	manual_scaffold_8	88.028	142	13	1	151	292	1257683152	1257683289	8.17e-38	165	TRUE
213649	manual_scaffold_4b	91.603	131	11	0	156	286	557669987	557669857	8.05e-43	182	TRUE
213664	manual_scaffold_9	86.992	123	15	1	153	274	996047885	996047763	1.77e-29	137	TRUE
213883	manual_scaffold_10	85.6	125	12	4	1	124	511362203	511362084	3.82e-26	126	TRUE
214248	manual_scaffold_6	87.143	140	17	1	2	140	41428987	41429126	1.36e-35	158	TRUE
214813	manual_scaffold_11	86.047	129	14	4	6	132	557295857	557295983	6.35e-29	135	TRUE
214847	manual_scaffold_5	90.714	140	13	0	151	290	69517178	69517317	1.73e-44	187	TRUE
214984	manual_scaffold_7	88.571	140	16	0	1	140	1278891112	1278891251	1.74e-39	171	TRUE
215521	manual_scaffold_1b	83.108	148	18	5	151	297	117709147	117709006	1.1e-26	128	TRUE
215882	manual_scaffold_1b	95.714	140	6	0	1	140	1057619255	1057619394	3.67e-56	226	TRUE
21620	manual_scaffold_3a	94.928	138	7	0	2	139	130875343	130875480	2.21e-53	217	TRUE
216214	manual_scaffold_7	85.606	132	17	2	161	290	243460847	243460978	1.77e-29	137	TRUE
216491	manual_scaffold_6	84.211	133	21	0	151	283	180520009	180520141	2.96e-27	130	TRUE
216599	manual_scaffold_7	94.964	139	7	0	1	139	80162216	80162078	6.13e-54	219	TRUE
216622	manual_scaffold_6	85.915	142	20	0	153	294	592811441	592811582	6.41e-34	152	TRUE
217173	manual_scaffold_7	88.235	136	14	2	5	138	772496207	772496342	1.05e-36	161	TRUE
217423	manual_scaffold_1b	85.714	126	12	4	153	278	630696024	630695905	1.06e-26	128	TRUE
217727	manual_scaffold_2a	88.095	126	14	1	13	137	118759660	118759785	8.16e-33	148	TRUE
217825	manual_scaffold_5	86.822	129	15	2	163	290	759103653	759103780	3.8e-31	143	TRUE
217975	manual_scaffold_6	97.143	140	4	0	151	290	1716801638	1716801777	1.69e-59	237	TRUE
217980	manual_scaffold_5	86.525	141	17	2	1	140	1079298952	1079299091	1.75e-34	154	TRUE
218091	manual_scaffold_11	86.26	131	16	2	3	131	835714428	835714558	1.37e-30	141	TRUE
218271	manual_scaffold_8	84.173	139	22	0	2	140	1515682756	1515682618	6.35e-29	135	TRUE
218398	manual_scaffold_5	88.636	132	15	0	9	140	1240039428	1240039297	1.05e-36	161	TRUE
218426	manual_scaffold_3a	94.366	142	6	1	151	292	599276442	599276303	2.22e-53	217	TRUE
218921	manual_scaffold_7	83.571	140	21	2	151	289	1076906487	1076906625	2.96e-27	130	TRUE
21900	manual_scaffold_6	99.259	135	1	0	6	140	678078874	678078740	1.01e-61	244	TRUE
219712	manual_scaffold_10	85.612	139	20	0	152	290	227183954	227184092	2.94e-32	147	TRUE
22002	manual_scaffold_8	83.688	141	22	1	151	290	1008426943	1008426803	8.22e-28	132	TRUE
220362	manual_scaffold_4a	90.714	140	13	0	1	140	38641274	38641135	1.73e-44	187	TRUE
221296	manual_scaffold_2b	88.571	140	16	0	1	140	693462811	693462672	1.74e-39	171	TRUE
221343	manual_scaffold_1b	84.173	139	20	2	1	138	868993763	868993626	2.29e-28	134	TRUE
221929	manual_scaffold_6	87.5	136	17	0	1	136	505510596	505510461	1.36e-35	158	TRUE
222212	manual_scaffold_3b	90.244	123	12	0	18	140	547706303	547706181	1.05e-36	161	TRUE
222222	manual_scaffold_11	85.294	136	15	4	151	283	229782985	229783118	6.35e-29	135	TRUE
222557	manual_scaffold_4b	91.045	134	12	0	1	134	751861840	751861973	8.05e-43	182	TRUE
222560	manual_scaffold_2a	86.429	140	18	1	151	290	929528295	929528157	6.31e-34	152	TRUE
223345	manual_scaffold_3b	91.367	139	12	0	2	140	732755915	732755777	1.38e-45	191	TRUE
223975	manual_scaffold_7	84.173	139	21	1	2	140	1262837772	1262837909	2.29e-28	134	TRUE
224357	manual_scaffold_3a	85.156	128	18	1	154	280	799400348	799400221	2.96e-27	130	TRUE
224397	manual_scaffold_2a	85.246	122	18	0	1	122	659635111	659635232	3.82e-26	126	TRUE
224418	manual_scaffold_3b	88.976	127	11	2	151	275	79879489	79879364	1.75e-34	154	TRUE
224652	manual_scaffold_12	85.915	142	14	4	151	290	398566459	398566322	2.94e-32	147	TRUE
225178	manual_scaffold_11	88.732	142	13	3	151	290	663320665	663320805	1.74e-39	171	TRUE
225266	manual_scaffold_6	84.672	137	20	1	151	287	525915669	525915804	6.35e-29	135	TRUE
225268	manual_scaffold_1b	85.714	119	17	0	22	140	125769716	125769598	3.82e-26	126	TRUE
225784	manual_scaffold_6	86.667	120	16	0	179	298	1722446524	1722446643	2.38e-28	134	TRUE
226323	manual_scaffold_2a	83.333	138	23	0	153	290	664882956	664882819	1.06e-26	128	TRUE
226657	manual_scaffold_5	84.058	138	20	2	155	290	1338536809	1338536946	8.22e-28	132	TRUE
228692	manual_scaffold_8	95.556	135	6	0	156	290	1446154324	1446154190	2.21e-53	217	TRUE
228942	manual_scaffold_5	88.976	127	12	2	160	285	71455410	71455285	4.88e-35	156	TRUE
230333	manual_scaffold_1a	88.971	136	14	1	151	286	360670056	360670190	2.25e-38	167	TRUE
231562	manual_scaffold_6	85.271	129	19	0	12	140	623273322	623273450	2.29e-28	134	TRUE
234092	manual_scaffold_6	90.977	133	12	0	151	283	243392956	243393088	2.89e-42	180	TRUE
23446	manual_scaffold_5	87.121	132	17	0	151	282	1047327723	1047327592	2.27e-33	150	TRUE
237694	manual_scaffold_1b	84.173	139	14	5	1	139	1033909325	1033909195	1.06e-26	128	TRUE
238040	manual_scaffold_11	83.803	142	14	4	120	254	101221944	101221805	3.29e-26	126	TRUE
238336	manual_scaffold_2b	93.284	134	8	1	5	138	181337584	181337452	2.87e-47	196	TRUE
239773	manual_scaffold_7	88.235	136	14	2	161	294	1247596406	1247596541	1.09e-36	161	TRUE
240177	manual_scaffold_3a	79.927	274	46	1	17	290	490642097	490641833	2.22e-48	200	TRUE
240906	manual_scaffold_5	86.957	115	12	3	27	140	1620494223	1620494335	3.82e-26	126	TRUE
241008	manual_scaffold_4b	87.234	141	13	4	151	290	566840131	566839995	4.88e-35	156	TRUE
241721	manual_scaffold_1b	77.551	294	59	7	1	290	612019118	612018828	4.81e-45	189	TRUE
241778	manual_scaffold_7	84.962	133	16	4	2	132	1371699128	1371698998	8.22e-28	132	TRUE
242309	manual_scaffold_11	83.571	140	22	1	151	289	792573837	792573698	2.96e-27	130	TRUE
242316	manual_scaffold_8	88.571	140	16	0	1	140	1495247445	1495247584	1.74e-39	171	TRUE
24279	manual_scaffold_2b	83.217	143	18	6	1	140	180043026	180043165	3.82e-26	126	TRUE
242976	manual_scaffold_9	86.861	137	18	0	154	290	379954758	379954894	1.75e-34	154	TRUE
242988	manual_scaffold_3a	94.872	117	6	0	173	289	612696181	612696065	2.24e-43	183	TRUE
243612	manual_scaffold_5	94.286	140	8	0	151	290	59531854	59531715	7.93e-53	215	TRUE
2439	manual_scaffold_3a	96.063	127	5	0	164	290	203749767	203749893	1.33e-50	207	TRUE
244240	manual_scaffold_9	85.507	138	19	1	151	288	1057297326	1057297190	3.8e-31	143	TRUE
245238	manual_scaffold_4b	85.294	136	14	1	1	136	970627070	970627199	6.35e-29	135	TRUE
245290	manual_scaffold_1b	84.328	134	21	0	7	140	10910771	10910638	8.22e-28	132	TRUE
245359	manual_scaffold_6	89.147	129	12	2	162	290	1002053137	1002053011	3.77e-36	159	TRUE
245850	manual_scaffold_7	86.364	132	17	1	10	140	303942492	303942623	4.5e-31	143	TRUE
246025	manual_scaffold_3a	83.824	136	22	0	155	290	936261995	936261860	2.96e-27	130	TRUE
247486	manual_scaffold_10	87.143	140	15	3	151	288	1069971805	1069971667	4.88e-35	156	TRUE
248042	manual_scaffold_6	87.402	127	13	3	13	139	466067886	466067763	3.8e-31	143	TRUE
248440	manual_scaffold_5	84.286	140	22	0	1	140	757086245	757086106	1.98e-29	137	TRUE
248758	manual_scaffold_11	84.173	139	16	5	151	286	1007938787	1007938922	2.96e-27	130	TRUE
248898	manual_scaffold_7	84.286	140	22	0	151	290	735738073	735738212	1.77e-29	137	TRUE
249117	manual_scaffold_8	83.571	140	20	3	153	290	1498276284	1498276422	1.06e-26	128	TRUE
250254	manual_scaffold_4a	87.121	132	16	1	5	136	509619166	509619036	8.16e-33	148	TRUE
2504	manual_scaffold_12	87.591	137	16	1	4	139	46570835	46570971	1.45e-35	158	TRUE
250826	manual_scaffold_3b	92.784	97	6	1	24	119	1078419179	1078419275	4.91e-30	139	TRUE
250973	manual_scaffold_6	88.785	107	10	2	186	290	191589527	191589633	2.96e-27	130	TRUE
251221	manual_scaffold_4a	85.211	142	17	4	151	290	708527541	708527680	3.8e-31	143	TRUE
251241	manual_scaffold_9	97.143	140	4	0	1	140	142332559	142332698	1.69e-59	237	TRUE
251440	manual_scaffold_3a	84.397	141	19	3	151	290	208482675	208482537	6.35e-29	135	TRUE
252170	manual_scaffold_4b	85.714	126	18	0	15	140	340062132	340062007	2.29e-28	134	TRUE
252503	manual_scaffold_8	96.429	140	5	0	1	140	1167229811	1167229950	7.88e-58	231	TRUE
253234	manual_scaffold_9	85.532	235	22	7	66	289	1168547091	1168547324	1.69e-64	254	TRUE
25330	manual_scaffold_3a	88.571	140	16	0	1	140	525927883	525927744	1.74e-39	171	TRUE
253627	manual_scaffold_2a	92.366	131	10	0	10	140	204036342	204036212	1.73e-44	187	TRUE
2537	manual_scaffold_4a	95.62	137	6	0	154	290	126731232	126731096	1.71e-54	220	TRUE
253791	manual_scaffold_3b	95	140	7	0	1	140	320455727	320455866	1.71e-54	220	TRUE
253844	manual_scaffold_11	85.821	134	18	1	157	290	831533982	831533850	1.37e-30	141	TRUE
254270	manual_scaffold_1b	89.241	158	17	0	154	311	142478103	142478260	8.64e-48	198	TRUE
25448	manual_scaffold_6	92.647	136	10	0	1	136	1091880121	1091880256	2.87e-47	196	TRUE
25462	manual_scaffold_12	94.949	99	4	1	176	273	186240310	186240212	1.77e-34	154	TRUE
254647	manual_scaffold_9	89.796	147	8	1	151	290	563603543	563603689	8.05e-43	182	TRUE
255089	manual_scaffold_2a	87.143	140	15	3	152	290	595483635	595483772	4.88e-35	156	TRUE
255818	manual_scaffold_7	90.141	142	10	3	151	290	517069979	517070118	8.05e-43	182	TRUE
255984	manual_scaffold_7	83.824	136	19	3	5	137	1041374243	1041374378	3.82e-26	126	TRUE
256279	manual_scaffold_10	95	140	7	0	151	290	31303038	31302899	1.71e-54	220	TRUE
256282	manual_scaffold_4b	86.486	148	12	1	1	140	627425141	627425288	4.88e-35	156	TRUE
256375	manual_scaffold_3b	84.091	132	20	1	152	282	364237377	364237508	3.84e-26	126	TRUE
256477	manual_scaffold_7	87.97	133	16	0	158	290	419103589	419103721	1.36e-35	158	TRUE
256974	manual_scaffold_9	86.29	124	15	2	1	124	915248742	915248863	2.29e-28	134	TRUE
257088	manual_scaffold_6	92.647	136	9	1	6	140	512692122	512691987	1.03e-46	195	TRUE
257756	manual_scaffold_1a	87.681	138	16	1	3	140	394656040	394655904	3.87e-36	159	TRUE
257849	manual_scaffold_11	91.736	121	9	1	170	290	37444662	37444781	2.25e-38	167	TRUE
258206	manual_scaffold_6	84.507	142	19	2	151	290	753268962	753268822	1.77e-29	137	TRUE
25821	manual_scaffold_10	85	140	20	1	151	290	616102133	616101995	1.37e-30	141	TRUE
258666	manual_scaffold_3b	88.571	140	14	2	151	290	708044153	708044016	6.27e-39	169	TRUE
258713	manual_scaffold_9	84.733	131	15	3	1	130	322973220	322973346	3.84e-26	126	TRUE
258847	manual_scaffold_12	92.647	136	10	0	3	138	551300531	551300666	2.87e-47	196	TRUE
259045	manual_scaffold_9	97.122	139	4	0	1	139	182127213	182127351	6.09e-59	235	TRUE
259615	manual_scaffold_7	83.704	135	21	1	151	284	1182028528	1182028662	3.82e-26	126	TRUE
259816	manual_scaffold_9	95.745	141	2	3	151	290	1036633432	1036633569	1.32e-55	224	TRUE
261297	manual_scaffold_6	84.058	138	22	0	3	140	1132080492	1132080629	2.29e-28	134	TRUE
26145	manual_scaffold_4a	84.397	141	20	2	151	290	423102371	423102232	1.77e-29	137	TRUE
262314	manual_scaffold_3b	88.889	144	12	1	1	140	613293238	613293095	1.35e-40	174	TRUE
262448	manual_scaffold_2a	90.226	133	13	0	8	140	394270460	394270328	1.35e-40	174	TRUE
262949	manual_scaffold_4b	92.857	140	10	0	1	140	933977930	933977791	1.72e-49	204	TRUE
26373	manual_scaffold_8	96.429	140	5	0	151	290	1386767972	1386768111	7.88e-58	231	TRUE
264101	manual_scaffold_12	83.688	141	20	3	151	290	512395028	512394890	2.96e-27	130	TRUE
264682	manual_scaffold_6	94.017	117	7	0	151	267	633058051	633057935	1.04e-41	178	TRUE
2650	manual_scaffold_9	95	140	7	0	151	290	948342976	948343115	1.71e-54	220	TRUE
265288	manual_scaffold_6	92.806	139	10	0	151	289	355095322	355095184	6.2e-49	202	TRUE
265313	manual_scaffold_4b	86.331	139	19	0	2	140	1103399217	1103399355	6.31e-34	152	TRUE
265614	manual_scaffold_7	86.667	120	13	3	20	138	215467654	215467771	2.96e-27	130	TRUE
266232	manual_scaffold_7	95.035	141	7	0	151	291	971511923	971511783	4.76e-55	222	TRUE
266840	manual_scaffold_10	95.714	140	5	1	1	140	671979452	671979314	1.32e-55	224	TRUE
266953	manual_scaffold_8	83.453	139	23	0	1	139	939161085	939161223	2.96e-27	130	TRUE
267330	manual_scaffold_2a	84.058	138	21	1	153	290	1269387548	1269387412	8.22e-28	132	TRUE
267974	manual_scaffold_3a	88.06	134	11	4	153	284	789150675	789150805	1.77e-34	154	TRUE
268187	manual_scaffold_8	86.567	134	17	1	152	284	1131048620	1131048753	2.94e-32	147	TRUE
268797	manual_scaffold_3b	88.406	138	16	0	3	140	58776213	58776076	2.25e-38	167	TRUE
269256	manual_scaffold_2a	87.5	136	14	1	159	291	340053770	340053905	1.76e-34	154	TRUE
269346	manual_scaffold_10	93.617	141	9	0	1	141	245562955	245562815	1.03e-51	211	TRUE
26958	manual_scaffold_6	85.816	141	16	2	1	137	1182495048	1182495188	2.94e-32	147	TRUE
269663	manual_scaffold_8	86.25	160	18	3	1	160	328641969	328641814	1.92e-39	171	TRUE
270034	manual_scaffold_3b	91.489	141	11	1	1	140	708546774	708546634	3.72e-46	193	TRUE
270313	manual_scaffold_1a	82.857	140	24	0	1	140	876491575	876491436	3.82e-26	126	TRUE
271391	manual_scaffold_4b	89.167	120	13	0	151	270	50269691	50269810	2.27e-33	150	TRUE
271816	manual_scaffold_4b	85.714	140	20	0	1	140	567859802	567859941	8.16e-33	148	TRUE
272010	manual_scaffold_4b	90.071	141	13	1	151	290	1093110286	1093110426	8.05e-43	182	TRUE
27235	manual_scaffold_8	86.029	136	16	3	6	140	1274531154	1274531021	3.8e-31	143	TRUE
2727	manual_scaffold_5	85	140	21	0	1	140	225664064	225664203	3.81e-31	143	TRUE
273743	manual_scaffold_11	95.122	82	4	0	1	82	756278794	756278713	2.97e-27	130	TRUE
273845	manual_scaffold_4b	84.962	133	19	1	8	139	217349117	217348985	2.29e-28	134	TRUE
274121	manual_scaffold_5	84.397	141	15	4	152	290	377337384	377337249	8.22e-28	132	TRUE
27445	manual_scaffold_1b	84.932	146	12	8	151	290	783682207	783682348	4.91e-30	139	TRUE
274833	manual_scaffold_1b	83.571	140	22	1	1	140	5544777	5544639	2.96e-27	130	TRUE
27486	manual_scaffold_4a	85	140	21	0	151	290	436762257	436762118	3.8e-31	143	TRUE
275227	manual_scaffold_9	86.525	141	12	4	1	140	67393537	67393671	8.16e-33	148	TRUE
275505	manual_scaffold_10	86.154	130	18	0	151	280	72663649	72663520	1.37e-30	141	TRUE
276664	manual_scaffold_5	85.612	139	18	2	1	137	1773502954	1773502816	1.06e-31	145	TRUE
277527	manual_scaffold_2b	87.143	140	16	1	1	140	665328960	665328823	1.36e-35	158	TRUE
27802	manual_scaffold_3b	94.737	133	7	0	151	283	869142354	869142222	1.33e-50	207	TRUE
27807	manual_scaffold_7	83.784	148	10	5	1	141	1400310284	1400310144	1.07e-26	128	TRUE
280716	manual_scaffold_8	84.328	134	16	3	8	140	75664865	75664736	3.82e-26	126	TRUE
283361	manual_scaffold_11	86.029	136	19	0	5	140	633869175	633869310	2.94e-32	147	TRUE
28531	manual_scaffold_4b	94.366	142	6	1	151	290	856003206	856003065	2.21e-53	217	TRUE
28689	manual_scaffold_6	86.232	138	19	0	2	139	862064031	862064168	2.27e-33	150	TRUE
29083	manual_scaffold_7	85.606	132	13	4	2	133	1084881730	1084881855	2.47e-28	134	TRUE
30113	manual_scaffold_10	85.714	140	17	3	151	289	477923581	477923718	1.06e-31	145	TRUE
3030	manual_scaffold_8	93.571	140	9	0	151	290	481304093	481303954	3.69e-51	209	TRUE
3068	manual_scaffold_4a	92.063	126	10	0	165	290	543418102	543417977	1.04e-41	178	TRUE
30713	manual_scaffold_2a	93.233	133	7	2	1	132	850380187	850380318	1.03e-46	195	TRUE
30728	manual_scaffold_8	87.413	143	13	5	151	290	27137575	27137715	3.77e-36	159	TRUE
31211	manual_scaffold_10	88.235	136	16	0	1	136	988164062	988163927	2.92e-37	163	TRUE
3144	manual_scaffold_7	87.143	140	17	1	1	139	142661660	142661799	1.36e-35	158	TRUE
31472	manual_scaffold_2b	87.681	138	17	0	1	138	463648256	463648393	1.05e-36	161	TRUE
314827	manual_scaffold_1b	85.507	138	19	1	1	137	660249016	660249153	3.8e-31	143	TRUE
31628	manual_scaffold_10	88.652	141	13	3	151	290	1064093853	1064093991	6.27e-39	169	TRUE
32450	manual_scaffold_3a	90.441	136	13	0	3	138	204896366	204896501	2.89e-42	180	TRUE
3288	manual_scaffold_1a	84.091	132	19	2	144	274	1071411747	1071411877	3.6e-26	126	TRUE
33159	manual_scaffold_3b	83.553	152	9	5	1	140	423947069	423947216	1.06e-26	128	TRUE
331788	manual_scaffold_2a	87.611	113	13	1	158	270	427681757	427681868	2.96e-27	130	TRUE
33270	manual_scaffold_3a	96.429	140	5	0	1	140	668165245	668165384	7.91e-58	231	TRUE
3383	manual_scaffold_3b	87.879	132	15	1	9	140	243939589	243939459	1.77e-34	154	TRUE
33861	manual_scaffold_6	84.892	139	19	2	2	139	1322633191	1322633054	4.91e-30	139	TRUE
33876	manual_scaffold_1b	84.783	138	17	3	4	139	363166397	363166532	6.35e-29	135	TRUE
3423	manual_scaffold_11	88.889	135	13	1	153	285	942391518	942391384	8.14e-38	165	TRUE
34471	manual_scaffold_4b	93.478	138	9	0	1	138	175394576	175394439	4.78e-50	206	TRUE
34628	manual_scaffold_11	90	140	11	3	151	290	683636130	683635994	1.04e-41	178	TRUE
34678	manual_scaffold_2b	90.598	117	9	2	181	296	659310060	659309945	1.8e-34	154	TRUE
34679	manual_scaffold_1b	86.567	134	17	1	8	140	453249606	453249473	2.94e-32	147	TRUE
3468	manual_scaffold_1b	85.95	121	15	1	152	270	537568542	537568662	1.07e-26	128	TRUE
352013	manual_scaffold_2a	85.507	138	18	1	3	140	1383497652	1383497517	3.8e-31	143	TRUE
35202	manual_scaffold_2b	85.271	129	17	2	154	281	741398165	741398292	8.22e-28	132	TRUE
352545	manual_scaffold_2a	87.05	139	16	1	151	289	321490548	321490412	4.88e-35	156	TRUE
3538	manual_scaffold_7	80.645	217	32	2	78	293	1583561686	1583561893	1.06e-36	161	TRUE
35381	manual_scaffold_1a	95.652	138	6	0	151	288	913104344	913104207	4.74e-55	222	TRUE
355	manual_scaffold_8	83.803	142	19	3	2	140	9350021	9350161	8.22e-28	132	TRUE
35529	manual_scaffold_5	85.714	126	18	0	13	138	679403346	679403221	2.29e-28	134	TRUE
35535	manual_scaffold_6	85.271	129	15	3	10	135	1590274645	1590274518	2.97e-27	130	TRUE
35907	manual_scaffold_6	85.507	138	15	5	5	140	825724368	825724502	4.91e-30	139	TRUE
359904	manual_scaffold_6	85.714	140	17	2	151	287	456634886	456635025	1.06e-31	145	TRUE
3657	manual_scaffold_2a	91.2	125	11	0	167	291	446345243	446345119	1.75e-39	171	TRUE
3751	manual_scaffold_10	94.161	137	8	0	166	302	853226237	853226373	3.89e-51	209	TRUE
379945	manual_scaffold_3b	86.331	139	13	5	5	138	692822275	692822412	2.94e-32	147	TRUE
38168	manual_scaffold_7	89.381	113	12	0	1	113	216662736	216662624	3.8e-31	143	TRUE
384280	manual_scaffold_4a	86.029	136	18	1	1	135	156437327	156437192	1.06e-31	145	TRUE
384853	manual_scaffold_4a	85	140	20	1	151	289	51812629	51812768	1.37e-30	141	TRUE
385284	manual_scaffold_1a	92.308	130	10	0	161	290	771641730	771641859	6.22e-44	185	TRUE
38602	manual_scaffold_6	96.454	141	5	0	151	291	1438515479	1438515339	2.55e-58	233	TRUE
388352	manual_scaffold_12	84.058	138	22	0	1	138	159709168	159709031	2.29e-28	134	TRUE
38931	manual_scaffold_6	95.745	141	5	1	1	140	1058340268	1058340128	3.67e-56	226	TRUE
393	manual_scaffold_8	90.441	136	13	0	167	302	682092063	682091928	3.04e-42	180	TRUE
40102	manual_scaffold_11	86.555	119	16	0	22	140	780079969	780080087	8.22e-28	132	TRUE
401785	manual_scaffold_8	97.101	138	4	0	1	138	1017470248	1017470111	2.19e-58	233	TRUE
4020	manual_scaffold_2a	86.429	140	19	0	1	140	140612473	140612334	1.75e-34	154	TRUE
40636	manual_scaffold_4a	93.571	140	9	0	1	140	368113937	368113798	3.69e-51	209	TRUE
40772	manual_scaffold_8	89.51	143	10	4	1	140	510980398	510980258	3.74e-41	176	TRUE
40811	manual_scaffold_1a	88.406	138	16	0	153	290	574450632	574450769	2.25e-38	167	TRUE
4110	manual_scaffold_7	86.555	119	16	0	163	281	739979230	739979348	8.22e-28	132	TRUE
4127	manual_scaffold_6	92.143	140	10	1	1	140	955324292	955324430	2.87e-47	196	TRUE
42304	manual_scaffold_11	87.05	139	17	1	151	288	72673660	72673798	4.88e-35	156	TRUE
43017	manual_scaffold_4a	93.525	139	6	3	151	287	490817698	490817561	1.72e-49	204	TRUE
43123	manual_scaffold_2b	82.979	141	22	2	1	140	350876457	350876318	3.82e-26	126	TRUE
43371	manual_scaffold_6	89.916	119	10	2	22	140	228159956	228159840	6.33e-34	152	TRUE
43511	manual_scaffold_4b	86.429	140	17	2	1	140	565834670	565834533	6.31e-34	152	TRUE
44245	manual_scaffold_8	85.294	136	20	0	5	140	1409098735	1409098600	1.37e-30	141	TRUE
44575	manual_scaffold_4b	85.484	124	14	3	17	140	487308596	487308715	3.82e-26	126	TRUE
44617	manual_scaffold_1a	90.476	105	10	0	152	256	680910856	680910960	4.91e-30	139	TRUE
44806	manual_scaffold_8	83.688	141	21	2	1	140	984868290	984868151	8.22e-28	132	TRUE
45022	manual_scaffold_12	84.028	144	15	4	1	140	34806843	34806704	8.22e-28	132	TRUE
45169	manual_scaffold_9	92.143	140	11	0	151	290	1114693541	1114693402	7.99e-48	198	TRUE
45696	manual_scaffold_7	92.086	139	9	1	151	289	609308533	609308669	1.03e-46	195	TRUE
45966	manual_scaffold_9	94.286	140	7	1	1	140	727962203	727962065	2.85e-52	213	TRUE
46270	manual_scaffold_3a	86.029	136	19	0	1	136	68041762	68041897	2.94e-32	147	TRUE
46425	manual_scaffold_4b	85	140	19	2	151	290	825330322	825330185	1.37e-30	141	TRUE
46823	manual_scaffold_8	92.029	138	11	0	151	288	1485249835	1485249698	1.03e-46	195	TRUE
46871	manual_scaffold_4b	80.743	296	50	5	1	290	1075264099	1075264393	3.64e-61	243	TRUE
47510	manual_scaffold_9	87.143	140	18	0	1	140	1120099107	1120099246	3.77e-36	159	TRUE
47816	manual_scaffold_2a	80.556	288	40	10	6	288	1371637326	1371637050	7.93e-53	215	TRUE
47939	manual_scaffold_7	83.39	295	39	8	4	288	651780978	651780684	2.14e-73	283	TRUE
48436	manual_scaffold_6	86.179	123	17	0	1	123	1648223795	1648223917	2.29e-28	134	TRUE
48651	manual_scaffold_12	82.857	140	24	0	1	140	448286377	448286516	3.82e-26	126	TRUE
49356	manual_scaffold_8	91.367	139	7	4	1	137	189913298	189913433	6.22e-44	185	TRUE
49678	manual_scaffold_1a	83.824	136	19	3	151	286	744527991	744527859	3.82e-26	126	TRUE
49703	manual_scaffold_9	85.315	143	17	4	151	290	94324404	94324545	1.06e-31	145	TRUE
50078	manual_scaffold_7	91.176	136	12	0	1	136	752076572	752076707	6.22e-44	185	TRUE
5030	manual_scaffold_3b	95.455	110	5	0	151	260	919972986	919973095	3.74e-41	176	TRUE
50403	manual_scaffold_5	87.407	135	15	2	7	140	1619238250	1619238117	1.75e-34	154	TRUE
50920	manual_scaffold_4b	90.141	142	14	0	151	292	313901740	313901599	6.27e-44	185	TRUE
51072	manual_scaffold_9	92.308	130	10	0	11	140	657844009	657843880	6.22e-44	185	TRUE
51125	manual_scaffold_3a	87.77	139	17	0	2	140	103144776	103144914	2.92e-37	163	TRUE
51968	manual_scaffold_1b	86.62	142	14	4	151	289	426094236	426094097	6.31e-34	152	TRUE
52224	manual_scaffold_3b	80	245	42	4	46	284	50029312	50029069	3.72e-46	193	TRUE
52697	manual_scaffold_5	85.827	127	18	0	13	139	1438048099	1438047973	6.35e-29	135	TRUE
53655	manual_scaffold_11	85.106	141	19	2	1	139	527399205	527399345	3.8e-31	143	TRUE
53766	manual_scaffold_5	87.5	144	12	5	152	290	281004416	281004558	1.05e-36	161	TRUE
53826	manual_scaffold_5	78.988	257	39	8	31	274	79211956	79212210	2.89e-42	180	TRUE
53848	manual_scaffold_4b	86.429	140	13	3	151	288	1208481206	1208481071	8.16e-33	148	TRUE
53851	manual_scaffold_6	84.783	138	16	4	154	289	653651639	653651505	2.29e-28	134	TRUE
53876	manual_scaffold_8	90.714	140	13	0	1	140	128230575	128230436	1.73e-44	187	TRUE
53935	manual_scaffold_8	85.714	140	9	5	151	290	600944447	600944575	1.77e-29	137	TRUE
54118	manual_scaffold_3a	89.362	141	9	4	3	140	556928281	556928144	4.84e-40	172	TRUE
54149	manual_scaffold_11	83.333	138	23	0	153	290	152448331	152448468	1.06e-26	128	TRUE
54946	manual_scaffold_10	87.313	134	17	0	7	140	133412437	133412304	1.75e-34	154	TRUE
55014	manual_scaffold_7	84.559	136	17	2	157	288	918675803	918675668	8.25e-28	132	TRUE
55734	manual_scaffold_7	89.815	108	11	0	3	110	58324694	58324587	4.91e-30	139	TRUE
59236	manual_scaffold_11	83.942	137	20	1	151	285	346761704	346761568	2.96e-27	130	TRUE
5961	manual_scaffold_7	85.156	128	15	3	14	140	1453163763	1453163887	1.06e-26	128	TRUE
61612	manual_scaffold_4a	85.161	155	23	0	1	155	773308561	773308407	3.99e-36	159	TRUE
62770	manual_scaffold_8	95	140	7	0	1	140	1104943895	1104943756	1.71e-54	220	TRUE
63793	manual_scaffold_5	84.828	145	19	3	1	143	1470997870	1470998013	3.89e-31	143	TRUE
6459	manual_scaffold_3a	85.496	131	14	5	1	128	559758436	559758564	8.22e-28	132	TRUE
65744	manual_scaffold_5	96.403	139	5	0	1	139	1227890966	1227891104	2.84e-57	230	TRUE
66455	manual_scaffold_6	88.571	140	16	0	151	290	1553404994	1553404855	1.74e-39	171	TRUE
66999	manual_scaffold_6	93.333	120	8	0	151	270	1372123172	1372123053	1.04e-41	178	TRUE
67266	manual_scaffold_1a	98.571	140	2	0	1	140	684495640	684495779	7.82e-63	248	TRUE
68590	manual_scaffold_1b	93.525	139	9	0	2	140	331301983	331301845	1.33e-50	207	TRUE
6982	manual_scaffold_8	83.571	140	22	1	1	139	707194248	707194109	2.96e-27	130	TRUE
69825	manual_scaffold_3b	84.091	132	19	2	4	133	967725710	967725841	3.82e-26	126	TRUE
702	manual_scaffold_1b	87.719	114	9	3	27	139	1059395236	1059395345	1.06e-26	128	TRUE
71129	manual_scaffold_6	89.764	127	10	2	8	134	1503756386	1503756509	3.77e-36	159	TRUE
71366	manual_scaffold_4b	88.372	129	13	2	13	140	932492348	932492221	1.75e-34	154	TRUE
71811	manual_scaffold_8	87.681	138	17	0	154	291	1442778225	1442778088	1.05e-36	161	TRUE
726	manual_scaffold_11	86.508	126	16	1	16	140	485249242	485249117	1.77e-29	137	TRUE
74453	manual_scaffold_1b	90	140	13	1	1	140	1098953669	1098953531	2.89e-42	180	TRUE
74977	manual_scaffold_7	87.611	113	12	1	8	118	456202964	456203076	2.96e-27	130	TRUE
75281	manual_scaffold_4a	84.211	133	19	2	9	140	349286163	349286032	1.08e-26	128	TRUE
75554	manual_scaffold_8	83.942	137	22	0	4	140	199712349	199712213	8.22e-28	132	TRUE
77031	manual_scaffold_9	87.805	123	13	2	17	138	661494107	661494228	3.8e-31	143	TRUE
77131	manual_scaffold_9	92.857	140	10	0	1	140	978941206	978941345	1.72e-49	204	TRUE
79429	manual_scaffold_8	87.023	131	17	0	6	136	1084442575	1084442445	8.16e-33	148	TRUE
7954	manual_scaffold_12	91.971	137	11	0	1	137	533898509	533898645	3.72e-46	193	TRUE
82768	manual_scaffold_2b	86.429	140	19	0	1	140	257440272	257440133	1.75e-34	154	TRUE
82865	manual_scaffold_4b	88.333	120	14	0	153	272	575177633	575177752	1.06e-31	145	TRUE
84171	manual_scaffold_2a	86.957	138	18	0	151	288	964157824	964157961	4.9e-35	156	TRUE
84529	manual_scaffold_5	89.928	139	14	0	2	140	1258176975	1258176837	2.89e-42	180	TRUE
86646	manual_scaffold_1a	90.714	140	13	0	1	140	774638725	774638864	1.73e-44	187	TRUE
86936	manual_scaffold_4b	92.553	94	7	0	8	101	478944531	478944624	6.35e-29	135	TRUE
87553	manual_scaffold_8	89.706	136	13	1	155	289	682092063	682091928	4.84e-40	172	TRUE
8805	manual_scaffold_8	89.209	139	14	1	153	290	116604485	116604623	4.84e-40	172	TRUE
8867	manual_scaffold_3b	92.754	138	10	0	151	288	289592954	289592817	2.22e-48	200	TRUE
89079	manual_scaffold_4b	86.207	116	16	0	173	288	455106811	455106696	3.84e-26	126	TRUE
89427	manual_scaffold_7	85.417	144	21	0	1	144	526012339	526012196	2.3e-33	150	TRUE
89761	manual_scaffold_3b	87.402	127	16	0	1	127	514269828	514269954	2.94e-32	147	TRUE
90376	manual_scaffold_8	89.706	136	14	0	154	289	682092063	682091928	1.35e-40	174	TRUE
90447	manual_scaffold_6	86.765	136	13	3	6	140	1310891544	1310891413	2.95e-32	147	TRUE
90886	manual_scaffold_4b	92.199	141	10	1	151	290	257329200	257329060	7.99e-48	198	TRUE
91713	manual_scaffold_5	83.824	136	18	4	1	133	1835524515	1835524649	3.82e-26	126	TRUE
91856	manual_scaffold_4b	84.507	142	19	2	1	140	555620888	555621028	1.77e-29	137	TRUE
91913	manual_scaffold_2b	87.234	141	16	2	151	290	252112627	252112766	3.77e-36	159	TRUE
92052	manual_scaffold_1b	86.466	133	14	4	8	138	1046787578	1046787448	3.8e-31	143	TRUE
92403	manual_scaffold_3b	89.13	138	15	0	1	138	494074084	494073947	4.84e-40	172	TRUE
92446	manual_scaffold_3a	86.555	119	11	4	23	139	103150633	103150748	3.82e-26	126	TRUE
93235	manual_scaffold_6	84.733	131	20	0	10	140	375847824	375847694	8.22e-28	132	TRUE
93562	manual_scaffold_1b	92.473	93	7	0	151	243	484644713	484644805	2.29e-28	134	TRUE
93627	manual_scaffold_6	88.971	136	14	1	151	286	1039366332	1039366466	2.25e-38	167	TRUE
93747	manual_scaffold_2a	91.971	137	11	0	1	137	755651022	755651158	3.72e-46	193	TRUE
94284	manual_scaffold_6	90.37	135	13	0	6	140	203176150	203176016	1.04e-41	178	TRUE
94433	manual_scaffold_3a	90.714	140	13	0	1	140	539807460	539807321	1.73e-44	187	TRUE
94550	manual_scaffold_4b	87.05	139	18	0	2	140	361145892	361145754	1.36e-35	158	TRUE
94683	manual_scaffold_3a	86.047	129	15	1	2	130	367803921	367804046	6.38e-29	135	TRUE
95034	manual_scaffold_10	86.029	136	16	3	8	140	146635925	146636060	3.81e-31	143	TRUE
95660	manual_scaffold_11	88.571	140	14	1	151	290	731225051	731225188	6.27e-39	169	TRUE
96346	manual_scaffold_1b	86.986	146	13	4	151	290	442898222	442898367	3.77e-36	159	TRUE
96487	manual_scaffold_3b	90.714	140	13	0	1	140	786028350	786028489	1.73e-44	187	TRUE
96504	manual_scaffold_1b	89.209	139	15	0	152	290	1043054327	1043054189	1.35e-40	174	TRUE
96857	manual_scaffold_1b	88.235	136	15	1	3	137	1033644308	1033644443	1.05e-36	161	TRUE
97129	manual_scaffold_7	95.62	137	6	0	1	137	1469780494	1469780630	1.71e-54	220	TRUE
97552	manual_scaffold_9	84.783	138	18	2	2	139	979308663	979308529	6.35e-29	135	TRUE
98875	manual_scaffold_3b	90.066	151	12	3	151	300	1101727663	1101727515	3.89e-46	193	TRUE
98888	manual_scaffold_11	85.185	135	20	0	1	135	3034857	3034991	4.91e-30	139	TRUE
99014	manual_scaffold_1b	88.971	136	12	3	3	137	242085465	242085598	8.1e-38	165	TRUE
99180	manual_scaffold_12	85.075	134	18	2	151	283	12415137	12415269	6.35e-29	135	TRUE
99351	manual_scaffold_5	92.958	142	7	3	151	290	183228361	183228501	1.72e-49	204	TRUE
Y7109	manual_scaffold_5	87.313	134	17	0	5	138	62494288	62494155	1.75e-34	154	TRUE
Y11521	manual_scaffold_5	85	140	15	3	152	290	35173892	35174026	1.77e-29	137	TRUE
